1 4
2 2
3 5
4 5
5 1
6 3
7 6
8 3
9 3
10 1
11 4
12 4
13 2
14 4
15 2
16 4
17 3
18 2
19 3
20 2
21 6
22 2
23 5
24 1
25 2
26 5
27 2
28 1
29 1
30 1
31 3
32 3
33 1
34 5
35 1
36 7
37 7
38 2
39 2
40 3
41 1
42 3
43 3
44 6
45 2
46 1
47 4
48 4
49 2
50 3
51 5
52 1
53 1
54 3
55 3
56 3
57 3
58 4
59 4
60 2
61 3
62 2
63 4
64 3
65 3
66 3
67 2
68 7
69 2
70 5
71 1
72 1
73 3
74 2
75 7
76 1
77 1
78 3
79 3
80 1
81 5
82 1
83 2
84 3
85 2
86 1
87 1
88 1
89 3
90 3
91 2
92 2
93 1
94 4
95 6